1731354751030 8.195016900698343 1
1731354755216 8.097130020459494 2
1731354759232 7.844546735286713 3
1731354763222 7.643494009971619 4
1731354767424 7.519298235575358 5
1731354771481 7.440824429194133 6
1731354775497 7.393437186876933 7
1731354779508 7.360054115454356 8
1731354783589 7.333929737408956 9
1731354787585 7.308376590410869 10
1731354791771 7.278116563955943 11
1731354795915 7.237332085768382 12
1731354800131 7.17849995692571 13
1731354804326 7.110462129116058 14
1731354808937 7.040623923142751 15
1731354815054 6.971829950809479 16
1731354820100 6.909183184305827 17
1731354824881 6.85079038143158 18
1731354829197 6.797954122225444 19
1731354833778 6.748788515726726 20
1731354838205 6.703062216440837 21
1731354842796 6.656925976276398 22
1731354847338 6.613755643367767 23
1731354852241 6.574129025141398 24
1731354856812 6.537362337112427 25
1731354861491 6.500404238700867 26
1731354866309 6.464901566505432 27
