1731359345668 4.114773074785869 1
1731359349557 4.09102988243103 2
1731359353475 4.018215795358022 3
1731359357277 3.8685079415639243 4
1731359361111 3.779066582520803 5
1731359364902 3.7308832108974457 6
1731359368740 3.701871871948242 7
1731359372576 3.684561083714167 8
1731359376382 3.6721223890781403 9
1731359380165 3.6632770796616874 10
1731359383960 3.6540332635243735 11
1731359387775 3.6447895665963492 12
1731359391603 3.63324103752772 13
1731359395430 3.6177868644396463 14
1731359399238 3.5929680267969766 15
1731359403072 3.5608574549357095 16
1731359406912 3.53033776084582 17
1731359410707 3.4999484419822693 18
1731359414490 3.470209409793218 19
1731359418276 3.4395384192466736 20
1731359422143 3.4124173323313394 21
1731359425921 3.386958042780558 22
1731359429711 3.363387475411097 23
1731359433499 3.3407685458660126 24
1731359437233 6.6290303866068525 25
1731359440935 6.562057733535767 26
1731359444648 6.502772867679596 27
1731359448352 6.451627930005391 28
1731359452083 6.408004502455394 29
1731359455794 6.3665817975997925 30
1731359459495 6.329601585865021 31
1731359463203 6.297519365946452 32
1731359466918 6.268470048904419 33
1731359470655 6.242684940497081 34
1731359474387 6.215946455796559 35
1731359478168 6.192198773225148 36
1731359481907 6.169828017552693 37
1731359485665 6.149491568406423 38
1731359489412 6.126850823561351 39
1731359493229 6.108680744965871 40
1731359497019 6.089573959509532 41
1731359500815 6.073932409286499 42
1731359504581 6.056461314360301 43
1731359508316 6.041809320449829 44
1731359512067 6.026763041814168 45
1731359515834 6.014025628566742 46
1731359519581 5.999298572540283 47
1731359523314 5.985750675201416 48
1731359527035 5.974570016066234 49
1731359530744 5.960677723089854 50
