1731358350029 4.114773074785869 1
1731358353988 4.09102988243103 2
1731358357947 4.018215795358022 3
1731358361872 3.8685079415639243 4
1731358365857 3.779066582520803 5
1731358369778 3.7308832108974457 6
1731358373708 3.701871871948242 7
1731358377722 3.684561083714167 8
1731358381651 3.6721223890781403 9
1731358385637 3.6632770796616874 10
1731358389602 3.6540332635243735 11
1731358393500 3.6447895665963492 12
1731358397393 3.63324103752772 13
1731358401286 3.6177868644396463 14
1731358405240 3.5929680267969766 15
1731358409120 3.5608574549357095 16
1731358413041 3.53033776084582 17
1731358416972 3.4999484419822693 18
1731358420868 3.470209409793218 19
1731358424849 3.4395384192466736 20
1731358428975 3.4124173323313394 21
1731358432896 3.386958042780558 22
1731358436814 3.363387475411097 23
1731358440922 3.3407685458660126 24
1731358444820 6.6290303866068525 25
1731358448657 6.562057733535767 26
1731358452476 6.502772867679596 27
1731358456378 6.451627930005391 28
1731358460203 6.408004502455394 29
1731358464047 6.3665817975997925 30
1731358467952 6.329601585865021 31
1731358471796 6.297519365946452 32
1731358475611 6.268470048904419 33
1731358479426 6.242684940497081 34
1731358483255 6.215946455796559 35
1731358487078 6.192198773225148 36
1731358490896 6.169828017552693 37
1731358494791 6.149491568406423 38
1731358498635 6.126850823561351 39
1731358502637 6.108680744965871 40
1731358506456 6.089573959509532 41
1731358510283 6.073932409286499 42
1731358514299 6.056461314360301 43
1731358518220 6.041809320449829 44
1731358522489 6.026763041814168 45
1731358526332 6.014025628566742 46
1731358530140 5.999298572540283 47
1731358534039 5.985750675201416 48
1731358538374 5.974570016066234 49
1731358542255 5.960677723089854 50
