1731358883593 8.21982498963674 1
1731358887358 8.16662589708964 2
1731358891199 7.999529441197713 3
1731358894931 7.709448138872783 4
1731358898758 7.544423500696818 5
1731358902584 7.4536972641944885 6
1731358906603 7.400246858596802 7
1731358910489 7.365578869978587 8
1731358914471 7.3433932065963745 9
1731358918632 7.3251440326372785 10
1731358922460 7.3071824709574384 11
1731358926221 7.288545668125153 12
1731358930092 7.264820198218028 13
1731358933862 7.232106824715932 14
1731358937586 7.183862328529358 15
1731358941320 7.120663404464722 16
1731358945117 7.059526244799296 17
1731358949075 6.9969674944877625 18
1731358953257 6.934517443180084 19
1731358957061 6.875541806221008 20
1731358960993 6.820468823115031 21
1731358964881 6.767383257548015 22
1731358968621 6.71803214152654 23
1731358972431 6.672383526961009 24
1731358976172 6.628005862236023 25
1731358979938 6.5867093205451965 26
1731358983687 6.547300060590108 27
1731358987424 6.512377838293712 28
1731358991197 6.482411603132884 29
1731358994931 6.449615617593129 30
1731358998686 6.421445190906525 31
1731359002430 6.391746759414673 32
1731359006230 6.365675787130992 33
1731359009962 6.342292110125224 34
1731359013693 6.316183030605316 35
1731359017414 6.292124847571055 36
1731359021155 6.269850055376689 37
1731359024897 6.2511076132456465 38
1731359028656 6.230813682079315 39
1731359032422 6.211935043334961 40
1731359036175 6.191278318564097 41
1731359039985 6.1735297838846845 42
1731359043714 6.158908128738403 43
1731359047459 6.1409740050633745 44
1731359051186 6.12628044684728 45
1731359054931 6.109074493249257 46
1731359058666 6.093752404054006 47
1731359062411 6.079324583212535 48
1731359066167 6.0651370485623675 49
1731359069904 6.050100028514862 50
