1731352414508 0.0 1
1731352415431 0.0 2
1731352416263 0.0 3
1731352417114 0.0 4
1731352417937 0.0 5
1731352418755 0.0 6
1731352419578 0.0 7
1731352420394 0.0 8
1731352421212 0.0 9
1731352422015 0.0 10
1731352422818 0.0 11
1731352423636 0.0 12
1731352424452 0.0 13
1731352425268 0.0 14
1731352426195 0.0 15
1731352427186 0.0 16
1731352428068 0.0 17
1731352428869 0.0 18
1731352429741 0.0 19
1731352430574 0.0 20
1731352431435 0.0 21
1731352432295 0.0 22
1731352433245 0.0 23
1731352434057 0.0 24
1731352434869 0.0 25
1731352435787 0.0 26
1731352436589 0.0 27
1731352437396 0.0 28
1731352438202 0.0 29
1731352439011 0.0 30
1731352439815 0.0 31
1731352440618 0.0 32
1731352441424 0.0 33
1731352442254 0.0 34
1731352443085 0.0 35
1731352444010 0.0 36
1731352444879 0.0 37
1731352445693 0.0 38
1731352446482 0.0 39
1731352447303 0.0 40
1731352448239 0.0 41
1731352449055 0.0 42
1731352449876 0.0 43
1731352450720 0.0 44
1731352451735 0.0 45
1731352452624 0.0 46
1731352453468 0.0 47
1731352454360 0.0 48
1731352455199 0.0 49
