1731352099826 0.0 1
1731352100696 0.0 2
1731352101499 0.0 3
1731352102337 0.0 4
1731352103156 0.0 5
1731352103961 0.0 6
1731352104754 0.0 7
1731352105544 0.0 8
1731352106336 0.0 9
1731352107132 0.0 10
1731352107933 0.0 11
1731352108765 0.0 12
1731352109574 0.0 13
1731352110381 0.0 14
1731352111192 0.0 15
1731352112085 0.0 16
1731352112899 0.0 17
1731352113723 0.0 18
1731352114535 0.0 19
1731352115339 0.0 20
1731352116140 0.0 21
1731352116940 0.0 22
1731352117742 0.0 23
1731352118541 0.0 24
1731352119325 0.0 25
1731352120123 0.0 26
1731352120907 0.0 27
1731352121702 0.0 28
1731352122518 0.0 29
1731352123312 0.0 30
1731352124109 0.0 31
1731352124899 0.0 32
1731352125696 0.0 33
1731352126493 0.0 34
1731352127293 0.0 35
1731352128088 0.0 36
1731352128882 0.0 37
1731352129699 0.0 38
1731352130492 0.0 39
1731352131293 0.0 40
1731352132170 0.0 41
1731352132966 0.0 42
1731352133761 0.0 43
1731352134552 0.0 44
1731352135353 0.0 45
1731352136146 0.0 46
1731352136962 0.0 47
1731352137760 0.0 48
1731352138549 0.0 49
1731352139343 0.0 50
